name,asin,country
Blue Eco Dog Collar,B0B12345AB,com
Bamboo Cat Teaser,B09XYZ3210,com
Hemp Dog Leash,B08HEMP123,com
